0 211 BALTIM STATION
1 96 5.09902
1 16 6.32456
1 90 6.57647
1 133 6.80074
2 5 4
2 4 4.12311
2 7 4.47214
2 185 4.92443
3 4 4.24264
3 7 5.38516
3 2 7.28011
3 5 7.28011
4 2 4.12311
4 3 4.24264
4 7 5.38516
4 5 6.40312
5 7 2
5 2 4
5 11 5.38516
5 4 6.40312
6 10 3.16228
6 70 5.38516
6 8 7.07107
6 12 8.94427
7 5 2
7 2 4.47214
7 3 5.38516
7 4 5.38516
8 12 3.16228
8 14 3.60555
8 70 6.40312
8 6 7.07107
9 195 3.3541
9 76 5
9 211 5.65685
9 68 5.86003
10 6 3.16228
10 70 6.40312
10 48 9.43398
10 8 10
11 13 4.24264
11 5 5.38516
11 15 6
11 7 7.28011
12 14 2.23607
12 8 3.16228
12 70 6.08276
12 67 8.01561
13 11 4.24264
13 65 4.60977
13 67 4.60977
13 69 6.26498
14 12 2.23607
14 8 3.60555
14 11 7.81025
14 5 8
15 180 3.04138
15 2 5
15 185 5.40833
15 195 5.59017
16 18 4.60977
16 179 5.70088
16 96 5.83095
16 1 6.32456
17 18 2.12132
17 179 3.20156
17 74 4.03113
17 135 5.02494
18 17 2.12132
18 74 3.20156
18 179 3.64005
18 16 4.60977
19 21 3.5
19 20 4.03113
19 25 6.7082
19 22 6.7082
20 19 4.03113
20 25 4.03113
20 200 5.14782
20 24 5.52268
21 19 3.5
21 203 5.59017
21 20 5.65685
21 25 6.0208
22 204 4.47214
22 72 5.09902
22 205 5.40833
22 23 5.59017
23 72 3.5
23 75 4.71699
23 22 5.59017
23 24 7.28011
24 75 5.40833
24 20 5.52268
24 19 6.94622
24 192 7
25 200 1.11803
25 20 4.03113
25 21 6.0208
25 19 6.7082
26 37 1.5
26 38 8.38153
26 27 8.73212
26 46 9.21954
27 30 1.41421
27 39 5.22015
27 35 5.5
27 38 6
28 32 4.03113
28 35 4.92443
28 39 6.0208
28 33 6.7082
29 42 2.69258
29 32 5.70088
29 33 6.72681
29 31 6.96419
30 27 1.41421
30 39 4.71699
30 38 5.09902
30 34 6.18466
31 86 4.66476
31 166 6.18466
31 29 6.96419
31 170 7
32 28 4.03113
32 29 5.70088
32 153 6.7082
32 31 7.61577
33 34 1.11803
33 39 2.5
33 36 4.60977
33 28 6.7082
34 33 1.11803
34 39 2.23607
34 36 4.47214
34 30 6.18466
35 28 4.92443
35 27 5.5
35 39 6.40312
35 30 6.57647
36 34 4.47214
36 33 4.60977
36 47 5.38516
36 77 6.26498
37 26 1.5
37 38 8.06226
37 46 8.32166
37 27 9.43398
38 46 3.64005
38 50 4.30116
38 43 5.09902
38 30 5.09902
39 34 2.23607
39 33 2.5
39 30 4.71699
39 27 5.22015
40 82 4.74342
40 86 4.83839
40 87 5.47814
40 42 5.52268
41 161 4.47214
41 170 5.09902
41 153 5.83095
41 172 6.0208
42 29 2.69258
42 40 5.52268
42 86 6.48151
42 31 7.5
43 50 3.53553
43 47 4.03113
43 38 5.09902
43 46 6.5
44 45 6.0208
44 49 6.5192
44 48 7.61577
44 51 8.38153
45 51 3.60555
45 77 4.52769
45 49 5.59017
45 44 6.0208
46 50 3.5
46 38 3.64005
46 43 6.5
46 52 7.56637
47 43 4.03113
47 77 5.02494
47 36 5.38516
47 45 6.72681
48 58 6.7082
48 44 7.61577
48 10 9.43398
48 56 10.4403
49 45 5.59017
49 44 6.5192
49 50 7.5
49 47 7.51665
50 46 3.5
50 43 3.53553
50 38 4.30116
50 47 7.15891
51 77 3.53553
51 45 3.60555
51 54 5.59017
51 79 5.59017
52 46 7.56637
52 50 8.74643
52 49 10.9202
52 38 11.1803
53 55 3
53 57 4.12311
53 60 4.24264
53 56 7.07107
54 56 2.82843
54 79 5
54 57 5
54 51 5.59017
55 57 1.41421
55 53 3
55 56 4.12311
55 54 6.08276
56 54 2.82843
56 57 3.60555
56 58 4
56 55 4.12311
57 55 1.41421
57 56 3.60555
57 53 4.12311
57 54 5
58 56 4
58 54 6.32456
58 55 6.40312
58 57 6.7082
59 61 3.20156
59 62 4.71699
59 64 5.02494
59 60 5.02494
60 53 4.24264
60 59 5.02494
60 71 6.08276
60 55 6.7082
61 62 2
61 59 3.20156
61 64 3.60555
61 66 5.38516
62 61 2
62 64 2.23607
62 59 4.71699
62 63 5.02494
63 91 3.3541
63 64 4.272
63 93 4.52769
63 62 5.02494
64 62 2.23607
64 61 3.60555
64 63 4.272
64 59 5.02494
65 69 2.54951
65 67 2.91548
65 13 4.60977
65 68 5.18556
66 209 4.12311
66 71 4.47214
66 61 5.38516
66 92 5.40833
67 69 2.23607
67 65 2.91548
67 13 4.60977
67 12 8.01561
68 211 0.860233
68 65 5.18556
68 209 5.54437
68 71 5.86003
69 67 2.23607
69 65 2.54951
69 13 6.26498
69 71 7.01783
70 6 5.38516
70 12 6.08276
70 8 6.40312
70 10 6.40312
71 66 4.47214
71 68 5.86003
71 60 6.08276
71 211 6.32456
72 23 3.5
72 22 5.09902
72 73 6.08276
72 74 6.80074
73 74 3.04138
73 95 5
73 18 5.70088
73 94 5.70088
74 73 3.04138
74 18 3.20156
74 17 4.03113
74 16 6.67083
75 23 4.71699
75 24 5.40833
75 210 6.10328
75 72 7.90569
76 210 4.47214
76 9 5
76 195 5.5
76 192 6.08276
77 51 3.53553
77 45 4.52769
77 47 5.02494
77 79 5.59017
78 81 2.82843
78 79 3.60555
78 82 6.80074
78 40 7.01783
79 81 1
79 78 3.60555
79 54 5
79 51 5.59017
80 83 2
80 82 3.3541
80 87 5.54617
80 88 7.01783
81 79 1
81 78 2.82843
81 54 5.83095
81 77 6.10328
82 80 3.3541
82 87 3.55106
82 83 4.60977
82 40 4.74342
83 80 2
83 82 4.60977
83 59 6.80074
83 78 7.28011
84 86 3.67696
84 87 5.1225
84 169 5.51453
84 85 6.16117
85 169 4.03113
85 89 4.12311
85 84 6.16117
85 90 6.57647
86 84 3.67696
86 31 4.66476
86 40 4.83839
86 42 6.48151
87 88 3.52278
87 82 3.55106
87 84 5.1225
87 40 5.47814
88 87 3.52278
88 89 6.18466
88 84 6.4195
88 82 6.5192
89 90 2.5
89 85 4.12311
89 133 6.10328
89 88 6.18466
90 89 2.5
90 133 5.09902
90 91 5.59017
90 1 6.57647
91 63 3.3541
91 96 5.09902
91 90 5.59017
91 93 6.5
92 94 3.53553
92 95 4.47214
92 66 5.40833
92 209 5.59017
93 96 3.64005
93 63 4.52769
93 95 6.08276
93 92 6.40312
94 95 1.58114
94 92 3.53553
94 73 5.70088
94 93 6.96419
95 94 1.58114
95 92 4.47214
95 73 5
95 93 6.08276
96 93 3.64005
96 91 5.09902
96 1 5.09902
96 63 5.31507
97 98 5.70088
97 117 13.4164
97 129 16.2788
97 119 16.9706
98 97 5.70088
98 117 7.90569
98 129 11.8533
98 119 12.3491
99 104 2.5
99 105 4.30116
99 108 6.08276
99 106 6.10328
100 105 4.24264
100 106 5.40833
100 99 6.5192
100 104 6.80074
101 107 9.55249
101 100 11.2805
101 103 11.8533
101 106 14.1421
102 101 21.319
102 100 29.6184
102 107 30.8585
102 105 31.5317
103 107 3.64005
103 109 4.74342
103 116 4.92443
103 106 4.94975
104 99 2.5
104 108 3.64005
104 106 4.30116
104 110 4.74342
105 100 4.24264
105 99 4.30116
105 104 6.10328
105 106 7.5
106 110 2.82843
106 104 4.30116
106 108 4.60977
106 103 4.94975
107 103 3.64005
107 109 6.10328
107 116 6.5192
107 106 8.32166
108 110 2.69258
108 104 3.64005
108 106 4.60977
108 99 6.08276
109 116 0.5
109 103 4.74342
109 111 6.0208
109 107 6.10328
110 108 2.69258
110 106 2.82843
110 104 4.74342
110 103 5.70088
111 114 4.60977
111 113 5
111 116 5.70088
111 109 6.0208
112 108 6.26498
112 114 7.07107
112 207 7.61577
112 110 8.24621
113 111 5
113 116 8.51469
113 109 8.55862
113 114 9.60469
114 111 4.60977
114 116 6.57647
114 112 7.07107
114 109 7.07107
115 113 17.066
115 107 17.4141
115 109 18.868
115 116 19.2938
116 109 0.5
116 103 4.92443
116 111 5.70088
116 107 6.5192
117 119 6
117 129 6.08276
117 121 6.40312
117 98 7.90569
118 120 4.03113
118 126 5.85235
118 124 6.0208
118 123 7.10634
119 129 1
119 122 3.64005
119 127 5.09902
119 121 5.38516
120 126 3.80789
120 118 4.03113
120 127 5.31507
120 124 5.65685
121 119 5.38516
121 129 6.32456
121 117 6.40312
121 122 6.80074
122 127 2.5
122 119 3.64005
122 129 4.03113
122 120 5.70088
123 128 2.5
123 125 2.82843
123 127 3.60555
123 122 6.10328
124 126 2.54951
124 138 4.12311
124 120 5.65685
124 118 6.0208
125 128 2.06155
125 123 2.82843
125 127 5
125 129 7.07107
126 124 2.54951
126 120 3.80789
126 138 4.74342
126 118 5.85235
127 122 2.5
127 123 3.60555
127 129 5
127 125 5
128 125 2.06155
128 123 2.5
128 127 5.85235
128 122 8.27647
129 119 1
129 122 4.03113
129 127 5
129 117 6.08276
130 136 4.60977
130 126 6.5
130 121 7.38241
130 120 7.5
131 167 5.40833
131 168 5.5
131 132 5.52268
131 174 6.36396
132 133 3.3541
132 178 4.03113
132 174 5.09902
132 131 5.52268
133 132 3.3541
133 178 3.53553
133 90 5.09902
133 89 6.10328
134 135 2.23607
134 139 5.31507
134 137 5.38516
134 179 5.65685
135 134 2.23607
135 179 3.60555
135 17 5.02494
135 139 6.5
136 138 4.12311
136 130 4.60977
136 126 6.04152
136 124 7.07107
137 139 1.80278
137 134 5.38516
137 135 7.07107
137 124 7.15891
138 136 4.12311
138 124 4.12311
138 126 4.74342
138 205 7.5
139 137 1.80278
139 134 5.31507
139 17 6.04152
139 135 6.5
140 152 5.40833
140 142 6.40312
140 177 7.28011
140 141 8.51469
141 142 2.12132
141 140 8.51469
141 152 10.5948
141 151 11.5
142 141 2.12132
142 140 6.40312
142 152 8.73212
142 151 10.1119
143 145 3.20156
143 165 4.03113
143 146 4.60977
143 149 6.7082
144 145 7.01783
144 146 7.5
144 143 9.61769
144 165 11.4127
145 143 3.20156
145 146 5.09902
145 165 6.7082
145 144 7.01783
146 165 4.12311
146 143 4.60977
146 145 5.09902
146 147 6.04152
147 148 4.12311
147 165 4.74342
147 150 5.31507
147 146 6.04152
148 177 3.90512
148 147 4.12311
148 150 4.5
148 152 5.38516
149 167 3.64005
149 171 4.71699
149 165 5.59017
149 168 5.59017
150 151 3.64005
150 148 4.5
150 147 5.31507
150 152 5.59017
151 150 3.64005
151 152 3.80789
151 148 6.5192
151 177 8.55862
152 151 3.80789
152 148 5.38516
152 140 5.40833
152 150 5.59017
153 159 4.47214
153 41 5.83095
153 154 6.0208
153 163 6.32456
154 163 2.5
154 153 6.0208
154 159 6.0208
154 157 8.544
155 160 3.3541
155 156 5.14782
155 157 5.22015
155 159 5.38516
156 162 2.91548
156 164 4.03113
156 155 5.14782
156 161 5.14782
157 155 5.22015
157 160 5.70088
157 163 6.26498
157 159 7.82624
158 172 3.53553
158 171 3.53553
158 170 6.57647
158 161 6.94622
159 163 4.47214
159 153 4.47214
159 155 5.38516
159 161 5.83095
160 155 3.3541
160 157 5.70088
160 156 6.0208
160 164 7.38241
161 41 4.47214
161 156 5.14782
161 159 5.83095
161 172 6.5
162 164 1.80278
162 156 2.91548
162 161 7.07107
162 160 7.76209
163 154 2.5
163 159 4.47214
163 157 6.26498
163 153 6.32456
164 162 1.80278
164 156 4.03113
164 160 7.38241
164 155 8.20061
165 143 4.03113
165 146 4.12311
165 147 4.74342
165 149 5.59017
166 170 1.80278
166 172 4.47214
166 169 5.70088
166 31 6.18466
167 149 3.64005
167 168 5.14782
167 131 5.40833
167 175 6.67083
168 171 3.80789
168 167 5.14782
168 131 5.5
168 149 5.59017
169 85 4.03113
169 84 5.51453
169 166 5.70088
169 168 7.07107
170 166 1.80278
170 172 3.04138
170 41 5.09902
170 171 6.5
171 158 3.53553
171 168 3.80789
171 172 4.24264
171 149 4.71699
172 170 3.04138
172 158 3.53553
172 171 4.24264
172 166 4.47214
173 176 3.53553
173 178 7.07107
173 179 7.43303
173 135 7.76209
174 175 1.80278
174 177 4.12311
174 132 5.09902
174 131 6.36396
175 174 1.80278
175 177 3.20156
175 148 5.52268
175 167 6.67083
176 173 3.53553
176 135 6.72681
176 134 7.82624
176 179 8.07775
177 175 3.20156
177 148 3.90512
177 174 4.12311
177 152 5.59017
178 133 3.53553
178 132 4.03113
178 173 7.07107
178 1 7.15891
179 17 3.20156
179 135 3.60555
179 18 3.64005
179 134 5.65685
180 15 3.04138
180 185 3.80789
180 190 5.40833
180 2 6.26498
181 183 2.23607
181 193 3
181 189 4.30116
181 182 6.18466
182 190 4.60977
182 196 4.74342
182 184 6.08276
182 183 6.10328
183 181 2.23607
183 189 3.80789
183 193 4.47214
183 182 6.10328
184 191 2.5
184 190 3.90512
184 192 4.03113
184 187 4.52769
185 180 3.80789
185 2 4.92443
185 15 5.40833
185 181 6.57647
186 188 2.54951
186 197 5
186 199 5.83095
186 201 7.07107
187 196 4.12311
187 184 4.52769
187 202 5.40833
187 191 6.5
188 186 2.54951
188 194 5.40833
188 201 6.67083
188 197 7.51665
189 193 3.53553
189 183 3.80789
189 181 4.30116
189 188 7.61577
190 184 3.90512
190 182 4.60977
190 192 5.09902
190 191 5.09902
191 192 2
191 184 2.5
191 190 5.09902
191 187 6.5
192 191 2
192 184 4.03113
192 190 5.09902
192 76 6.08276
193 181 3
193 189 3.53553
193 183 4.47214
193 185 7.63217
194 202 3.64005
194 201 4.92443
194 196 5.14782
194 188 5.40833
195 9 3.3541
195 76 5.5
195 15 5.59017
195 180 6.40312
196 202 3.64005
196 187 4.12311
196 182 4.74342
196 194 5.14782
197 199 3
197 198 4.52769
197 186 5
197 188 7.51665
198 197 4.52769
198 201 6.96419
198 186 7.10634
198 199 7.51665
199 197 3
199 186 5.83095
199 198 7.51665
199 188 8.27647
200 25 1.11803
200 20 5.14782
200 21 6.5192
200 187 6.80074
201 194 4.92443
201 202 5.70088
201 188 6.67083
201 198 6.96419
202 196 3.64005
202 194 3.64005
202 187 5.40833
202 201 5.70088
203 206 4.12311
203 207 5.09902
203 21 5.59017
203 204 5.83095
204 205 2.69258
204 206 4.12311
204 22 4.47214
204 203 5.83095
205 204 2.69258
205 206 5.22015
205 22 5.40833
205 207 7.01783
206 207 2.23607
206 204 4.12311
206 203 4.12311
206 205 5.22015
207 206 2.23607
207 203 5.09902
207 204 6.32456
207 205 7.01783
208 99 8.38153
208 200 8.73212
208 104 9.43398
208 25 9.61769
209 66 4.12311
209 211 5
209 210 5.09902
209 68 5.54437
210 76 4.47214
210 209 5.09902
210 75 6.10328
210 211 6.40312
211 68 0.860233
211 209 5
211 9 5.65685
211 65 6.0208
